proj:       1
zone:       33
north:      7042270.15219565
south:      6922362.24054793
east:       8017.94781812
west:       -111889.9638296
cols:       11955
rows:       11955
e-w resol:  10.02993824
n-s resol:  10.02993824
format:     -1
compressed: 0
