proj:       1
zone:       33
north:      7004821.65488135
south:      6885302.76334426
east:       406709.71375104
west:       287190.82221394
cols:       11952
rows:       11952
e-w resol:  9.99990726
n-s resol:  9.99990726
format:     0
compressed: 0
