proj:       1
zone:       33
north:      6805614.54172103
south:      6686236.90181634
east:       388223.18316838
west:       268845.54326369
cols:       11937
rows:       11937
e-w resol:  10.00064002
n-s resol:  10.00064002
format:     0
compressed: 0
