proj:       1
zone:       33
north:      6724199.98772002
south:      6604692.03746861
east:       179789.54265787
west:       60281.59240646
cols:       11930
rows:       11930
e-w resol:  10.01743087
n-s resol:  10.01743087
format:     0
compressed: 0
