proj:       1
zone:       33
north:      6814804.40942328
south:      6695331.53107938
east:       288619.40611403
west:       169146.52777013
cols:       11937
rows:       11937
e-w resol:  10.00861844
n-s resol:  10.00861844
format:     0
compressed: 0
