proj:       1
zone:       33
north:      6633431.23712101
south:      6513882.94239259
east:       70990.3781102
west:       -48557.91661821
cols:       11923
rows:       11923
e-w resol:  10.02669586
n-s resol:  10.02669586
format:     0
compressed: 0
