proj:       1
zone:       33
north:      7213464.72763421
south:      7093719.19993141
east:       325937.36915995
west:       206191.84145715
cols:       11967
rows:       11967
e-w resol:  10.00631133
n-s resol:  10.00631133
format:     1
compressed: 0
