proj:       1
zone:       33
north:      7203982.71639542
south:      7084321.71215807
east:       425499.82148192
west:       305838.81724456
cols:       11967
rows:       11967
e-w resol:  9.99924829
n-s resol:  9.99924829
format:     -1
compressed: 0
