proj:       1
zone:       33
north:      6933032.1400207
south:      6813281.53236971
east:       98497.59809161
west:       -21253.00955938
cols:       11947
rows:       11947
e-w resol:  10.02348771
n-s resol:  10.02348771
format:     0
compressed: 0
