proj:       1
zone:       33
north:      7602237.81053543
south:      7482329.76572665
east:       463883.69897533
west:       343975.65416655
cols:       11993
rows:       11993
e-w resol:  9.99816933
n-s resol:  9.99816933
format:     0
compressed: 0
