proj:       1
zone:       33
north:      7023516.48981027
south:      6903807.86322437
east:       207479.31109658
west:       87770.68451068
cols:       11953
rows:       11953
e-w resol:  10.01494408
n-s resol:  10.01494408
format:     -1
compressed: 0
