proj:       1
zone:       33
north:      6914460.44077765
south:      6794914.67853638
east:       297836.68289926
west:       178290.92065799
cols:       11945
rows:       11945
e-w resol:  10.00801693
n-s resol:  10.00801693
format:     -1
compressed: 0
