proj:       1
zone:       33
north:      8631643.68324599
south:      8501762.73362968
east:       820386.96257972
west:       690506.01296341
cols:       12978
rows:       12978
e-w resol:  10.00777852
n-s resol:  10.00777852
format:     -1
compressed: 0
