proj:       1
zone:       33
north:      6733337.33305705
south:      6613721.72457971
east:       80080.25689181
west:       -39535.35158553
cols:       11931
rows:       11931
e-w resol:  10.02561466
n-s resol:  10.02561466
format:     0
compressed: 0
