proj:       1
zone:       33
north:      8533589.18517732
south:      8403761.21204809
east:       840626.00858319
west:       710788.02635881
cols:       12972
rows:       12971
e-w resol:  10.00909515
n-s resol:  10.00909515
format:     0
compressed: 0
