proj:       1
zone:       33
north:      7104437.64858146
south:      6984842.81337755
east:       416075.74621767
west:       296480.91101376
cols:       11960
rows:       11960
e-w resol:  9.99956816
n-s resol:  9.99956816
format:     -1
compressed: 0
