proj:       1
zone:       33
north:      7831826.42309027
south:      7711583.52394763
east:       945187.37829619
west:       824944.47915356
cols:       12006
rows:       12006
e-w resol:  10.01523398
n-s resol:  10.01523398
format:     0
compressed: 0
