proj:       1
zone:       33
north:      7931526.93429443
south:      7811245.01576249
east:       935332.27562042
west:       815050.35708848
cols:       12011
rows:       12011
e-w resol:  10.01431342
n-s resol:  10.01431342
format:     0
compressed: 0
