proj:       1
zone:       33
north:      7113850.08109049
south:      6994168.00683732
east:       316503.48508214
west:       196821.41082897
cols:       11960
rows:       11960
e-w resol:  10.0068624
n-s resol:  10.0068624
format:     1
compressed: 0
