proj:       1
zone:       33
north:      7313126.03427698
south:      7193316.84849757
east:       335447.88853924
west:       215638.70275982
cols:       11974
rows:       11974
e-w resol:  10.005778
n-s resol:  10.005778
format:     -1
compressed: 0
