proj:       1
zone:       33
north:      8903083.51628691
south:      8773170.27952714
east:       478107.25593983
west:       348194.01918006
cols:       12994
rows:       12994
e-w resol:  9.99794034
n-s resol:  9.99794034
format:     1
compressed: 0
