proj:       1
zone:       33
north:      6742499.40746898
south:      6622776.12004162
east:       -19770.57138061
west:       -139493.85880797
cols:       11932
rows:       11932
e-w resol:  10.03379881
n-s resol:  10.03379881
format:     -1
compressed: 0
