proj:       1
zone:       33
north:      9044055.0426169
south:      8913941.83314987
east:       836807.54486461
west:       706694.33539758
cols:       13000
rows:       13000
e-w resol:  10.00870842
n-s resol:  10.00870842
format:     1
compressed: 0
