proj:       1
zone:       33
north:      6905194.13823211
south:      6785740.9750037
east:       397429.62485766
west:       277976.46162925
cols:       11945
rows:       11945
e-w resol:  10.00026482
n-s resol:  10.00026482
format:     -1
compressed: 0
