proj:       1
zone:       33
north:      7767679.41176132
south:      7638164.3571546
east:       1097877.19077501
west:       968362.13616829
cols:       12907
rows:       12907
e-w resol:  10.03448165
n-s resol:  10.03448165
format:     -1
compressed: 0
