proj:       1
zone:       33
north:      7136456.23262248
south:      7007828.16741448
east:       122916.65136216
west:       -5711.41384585
cols:       12836
rows:       12836
e-w resol:  10.02088386
n-s resol:  10.02088386
format:     -1
compressed: 0
