proj:       1
zone:       33
north:      9064657.89149369
south:      8934468.12739725
east:       934853.47314268
west:       804653.69521929
cols:       13002
rows:       13001
e-w resol:  10.01382694
n-s resol:  10.01382694
format:     0
compressed: 0
