proj:       1
zone:       33
north:      8946114.60376872
south:      8816033.04805449
east:       857313.87745871
west:       727222.31162091
cols:       12996
rows:       12995
e-w resol:  10.01012356
n-s resol:  10.01012356
format:     -1
compressed: 0
