proj:       1
zone:       33
north:      6833224.18171711
south:      6713541.14132486
east:       89251.9248418
west:       -30431.11555046
cols:       11939
rows:       11939
e-w resol:  10.0245448
n-s resol:  10.0245448
format:     1
compressed: 0
