proj:       1
zone:       33
north:      7812087.70148592
south:      7691989.68656243
east:       745851.24355596
west:       625753.22863248
cols:       12005
rows:       12005
e-w resol:  10.00399958
n-s resol:  10.00399958
format:     -1
compressed: 0
