proj:       1
zone:       33
north:      8729610.80885477
south:      8599685.64204569
east:       800094.65198035
west:       670169.48517127
cols:       12984
rows:       12984
e-w resol:  10.00655937
n-s resol:  10.00655937
format:     0
compressed: 0
