proj:       1
zone:       33
north:      7502674.01074271
south:      7382823.09528715
east:       454192.28282754
west:       334341.36737199
cols:       11987
rows:       11987
e-w resol:  9.9984079
n-s resol:  9.9984079
format:     0
compressed: 0
