proj:       1
zone:       33
north:      7032881.30010743
south:      6913073.01797436
east:       107815.98390438
west:       -11992.29822869
cols:       11954
rows:       11954
e-w resol:  10.02244288
n-s resol:  10.02244288
format:     -1
compressed: 0
