proj:       1
zone:       33
north:      8925584.62609351
south:      8795587.2631063
east:       759297.62213048
west:       629290.2547287
cols:       12995
rows:       12994
e-w resol:  10.00441457
n-s resol:  10.00441457
format:     -1
compressed: 0
