proj:       1
zone:       33
north:      7712540.86879946
south:      7592497.39043436
east:       755609.14565546
west:       635565.66729037
cols:       11999
rows:       11999
e-w resol:  10.0044569
n-s resol:  10.0044569
format:     1
compressed: 0
