proj:       1
zone:       33
north:      7846370.15012018
south:      7716950.22540936
east:       979903.85266485
west:       850483.92795404
cols:       12915
rows:       12915
e-w resol:  10.02090009
n-s resol:  10.02090009
format:     -1
compressed: 0
