proj:       1
zone:       33
north:      6715074.13290556
south:      6595673.95852588
east:       279476.73215874
west:       160076.55777907
cols:       11929
rows:       11929
e-w resol:  10.00923584
n-s resol:  10.00923584
format:     0
compressed: 0
