proj:       1
zone:       33
north:      8966672.00379929
south:      8836497.4751902
east:       955379.8432456
west:       825205.31463652
cols:       12997
rows:       12997
e-w resol:  10.0157366
n-s resol:  10.0157366
format:     -1
compressed: 0
