proj:       1
zone:       33
north:      6842464.16812154
south:      6722676.10663013
east:       -10581.02822289
west:       -130369.0897143
cols:       11940
rows:       11940
e-w resol:  10.03250096
n-s resol:  10.03250096
format:     0
compressed: 0
