proj:       1
zone:       33
north:      7911683.22655452
south:      7791540.43263061
east:       736023.14339112
west:       615880.3494672
cols:       12010
rows:       12010
e-w resol:  10.00356319
n-s resol:  10.00356319
format:     -1
compressed: 0
