proj:       1
zone:       33
north:      7787327.58936075
south:      7657634.24059142
east:       1196468.72986425
west:       1066775.38109491
cols:       12910
rows:       12910
e-w resol:  10.0459604
n-s resol:  10.0459604
format:     0
compressed: 0
