proj:       1
zone:       33
north:      9023477.6436336
south:      8893442.24632904
east:       738816.68634219
west:       608781.28903763
cols:       12999
rows:       12999
e-w resol:  10.00349237
n-s resol:  10.00349237
format:     -1
compressed: 0
