proj:       1
zone:       33
north:      7123275.99543912
south:      7003496.81299477
east:       216867.96475932
west:       97088.78231496
cols:       11961
rows:       11961
e-w resol:  10.01414451
n-s resol:  10.01414451
format:     1
compressed: 0
