proj:       1
zone:       33
north:      8848087.96575747
south:      8718036.77670526
east:       877772.87880669
west:       747711.6781156
cols:       12991
rows:       12990
e-w resol:  10.01163888
n-s resol:  10.01163888
format:     -1
compressed: 0
