proj:       1
zone:       33
north:      6642513.1140514
south:      6522854.50672485
east:       -28878.57745683
west:       -148537.18478338
cols:       11924
rows:       11924
e-w resol:  10.03510628
n-s resol:  10.03510628
format:     0
compressed: 0
