proj:       1
zone:       33
north:      6533565.59824552
south:      6414094.54452068
east:       61979.83235521
west:       -57491.22136963
cols:       11914
rows:       11914
e-w resol:  10.02778695
n-s resol:  10.02778695
format:     -1
compressed: 0
