proj:       1
zone:       33
north:      6705963.00281445
south:      6586660.68359527
east:       379091.66519135
west:       259789.34597218
cols:       11929
rows:       11929
e-w resol:  10.00103271
n-s resol:  10.00103271
format:     0
compressed: 0
