proj:       1
zone:       33
north:      7885821.6783713
south:      7756076.63104999
east:       1176862.63617411
west:       1047117.5888528
cols:       12919
rows:       12919
e-w resol:  10.04296364
n-s resol:  10.04296364
format:     0
compressed: 0
