proj:       1
zone:       33
north:      8827610.08207906
south:      8697649.45535944
east:       779719.2599659
west:       649758.63324628
cols:       12989
rows:       12989
e-w resol:  10.00543743
n-s resol:  10.00543743
format:     0
compressed: 0
