proj:       1
zone:       33
north:      7303576.71693625
south:      7183859.31488311
east:       435000.89022287
west:       315273.48922193
cols:       11974
rows:       11973
e-w resol:  9.9989478
n-s resol:  9.9989478
format:     -1
compressed: 0
