proj:       1
zone:       33
north:      7964476.46116252
south:      7834834.71889456
east:       1058665.92016306
west:       929024.1778951
cols:       12926
rows:       12926
e-w resol:  10.0295329
n-s resol:  10.0295329
format:     -1
compressed: 0
