proj:       1
zone:       33
north:      6923740.873433
south:      6804092.61781135
east:       198175.95120842
west:       78527.69558677
cols:       11946
rows:       11946
e-w resol:  10.01575888
n-s resol:  10.01575888
format:     0
compressed: 0
