proj:       1
zone:       33
north:      6524591.24427413
south:      6405233.04867897
east:       161721.13050882
west:       42362.93491366
cols:       11913
rows:       11913
e-w resol:  10.01915517
n-s resol:  10.01915517
format:     -1
compressed: 0
