proj:       1
zone:       33
north:      7984322.73984479
south:      7854525.02388487
east:       1157155.71279241
west:       1027347.9567864
cols:       12929
rows:       12928
e-w resol:  10.0400461
n-s resol:  10.0400461
format:     -1
compressed: 0
