proj:       1
zone:       33
north:      6942347.69348087
south:      6822494.74449277
east:       -1317.75722458
west:       -121170.70621268
cols:       11948
rows:       11948
e-w resol:  10.03121434
n-s resol:  10.03121434
format:     0
compressed: 0
