proj:       1
zone:       33
north:      7014162.16609622
south:      6894543.34041084
east:       307137.28585493
west:       187518.46016955
cols:       11953
rows:       11953
e-w resol:  10.00743125
n-s resol:  10.00743125
format:     0
compressed: 0
