proj:       1
zone:       33
north:      7866072.15535002
south:      7736489.24055163
east:       1078332.80741821
west:       948749.89261983
cols:       12917
rows:       12917
e-w resol:  10.03196677
n-s resol:  10.03196677
format:     0
compressed: 0
