proj:       1
zone:       33
north:      6624374.28590059
south:      6504936.2669882
east:       170715.54393149
west:       51277.5250191
cols:       11922
rows:       11922
e-w resol:  10.01828711
n-s resol:  10.01828711
format:     0
compressed: 0
