proj:       1
zone:       33
north:      7403160.26470011
south:      7283376.2286442
east:       444561.06693427
west:       324777.03087836
cols:       11980
rows:       11980
e-w resol:  9.99866745
n-s resol:  9.99866745
format:     1
compressed: 0
