proj:       1
zone:       33
north:      6606298.98337982
south:      6487081.79407346
east:       370042.79015536
west:       250815.59940694
cols:       11921
rows:       11920
e-w resol:  10.00144206
n-s resol:  10.00144206
format:     1
compressed: 0
