proj:       1
zone:       33
north:      6824008.71129314
south:      6704430.68710785
east:       188945.5985616
west:       69367.57437631
cols:       11938
rows:       11938
e-w resol:  10.01658772
n-s resol:  10.01658772
format:     1
compressed: 0
