proj:       1
zone:       33
north:      7921598.55525939
south:      7801381.09119228
east:       835656.94183842
west:       715439.47777132
cols:       12011
rows:       12011
e-w resol:  10.00894714
n-s resol:  10.00894714
format:     1
compressed: 0
